Predicted   cep  ecl-c  ecl-nc    lpv  rrlyr     All
Actual                                              
cep        4036     33      10    282    134    4495
ecl-c       903  18529    4789   5171   1261   30653
ecl-nc      220   3376   20671   7308    424   31999
lpv          46    572     497  30609    275   31999
rrlyr       285   2037     778   1665  21141   25906
All        5490  24547   26745  45035  23235  125052
Predicted       cep     ecl-c    ecl-nc       lpv     rrlyr
Actual                                                     
cep        0.897887  0.001077  0.000313  0.008813  0.005173
ecl-c      0.200890  0.604476  0.149661  0.161599  0.048676
ecl-nc     0.048943  0.110136  0.645989  0.228382  0.016367
lpv        0.010234  0.018660  0.015532  0.956561  0.010615
rrlyr      0.063404  0.066454  0.024313  0.052033  0.816066
******************************
Predicted   cep  ecl-c  ecl-nc    lpv  rrlyr     All
Actual                                              
cep        4082     28      18    249    118    4495
ecl-c      1014  16481    6407   5354   1397   30653
ecl-nc      324   2103   21997   7110    465   31999
lpv          71    486     713  30422    307   31999
rrlyr       321   1786    1106   1749  20944   25906
All        5812  20884   30241  44884  23231  125052
Predicted       cep     ecl-c    ecl-nc       lpv     rrlyr
Actual                                                     
cep        0.908120  0.000913  0.000563  0.007781  0.004555
ecl-c      0.225584  0.537664  0.200225  0.167318  0.053926
ecl-nc     0.072080  0.068607  0.687428  0.222194  0.017950
lpv        0.015795  0.015855  0.022282  0.950717  0.011851
rrlyr      0.071413  0.058265  0.034564  0.054658  0.808461
******************************
Predicted   cep  ecl-c  ecl-nc    lpv  rrlyr     All
Actual                                              
cep        4125     35      12    224     99    4495
ecl-c      1170  19268    4081   5050   1084   30653
ecl-nc      436   4047   20012   7006    498   31999
lpv         116    629     399  30492    363   31999
rrlyr       368   2134     618   1610  21176   25906
All        6215  26113   25122  44382  23220  125052
Predicted       cep     ecl-c    ecl-nc       lpv     rrlyr
Actual                                                     
cep        0.917686  0.001142  0.000375  0.007000  0.003822
ecl-c      0.260289  0.628584  0.127535  0.157817  0.041844
ecl-nc     0.096997  0.132026  0.625395  0.218944  0.019223
lpv        0.025806  0.020520  0.012469  0.952905  0.014012
rrlyr      0.081869  0.069618  0.019313  0.050314  0.817417
******************************
Predicted   cep  ecl-c  ecl-nc    lpv  rrlyr     All
Actual                                              
cep        4029     32      20    299    115    4495
ecl-c      1047  17265    6143   5303    895   30653
ecl-nc      339   2977   21663   6734    286   31999
lpv          84    785     661  30193    276   31999
rrlyr       361   2226    1026   1736  20557   25906
All        5860  23285   29513  44265  22129  125052
Predicted       cep     ecl-c    ecl-nc       lpv     rrlyr
Actual                                                     
cep        0.896329  0.001044  0.000625  0.009344  0.004439
ecl-c      0.232925  0.563240  0.191975  0.165724  0.034548
ecl-nc     0.075417  0.097119  0.676990  0.210444  0.011040
lpv        0.018687  0.025609  0.020657  0.943561  0.010654
rrlyr      0.080311  0.072619  0.032064  0.054252  0.793523
******************************
Predicted   cep  ecl-c  ecl-nc    lpv  rrlyr     All
Actual                                              
cep        4123     22      11    205    134    4495
ecl-c      1305  18301    4542   5335   1170   30653
ecl-nc      419   3389   20228   7493    470   31999
lpv         152    618     478  30343    408   31999
rrlyr       390   2067     778   1697  20974   25906
All        6389  24397   26037  45073  23156  125052
Predicted       cep     ecl-c    ecl-nc       lpv     rrlyr
Actual                                                     
cep        0.917241  0.000718  0.000344  0.006406  0.005173
ecl-c      0.290323  0.597038  0.141942  0.166724  0.045163
ecl-nc     0.093215  0.110560  0.632145  0.234164  0.018143
lpv        0.033815  0.020161  0.014938  0.948248  0.015749
rrlyr      0.086763  0.067432  0.024313  0.053033  0.809619
******************************
Predicted   cep  ecl-c  ecl-nc    lpv  rrlyr     All
Actual                                              
cep        4109     33      14    218    121    4495
ecl-c      1482  19414    4504   4475    778   30653
ecl-nc      386   3903   20637   6748    325   31999
lpv         107    766     605  30267    254   31999
rrlyr       496   2320     774   1386  20930   25906
All        6580  26436   26534  43094  22408  125052
Predicted       cep     ecl-c    ecl-nc       lpv     rrlyr
Actual                                                     
cep        0.914127  0.001077  0.000438  0.006813  0.004671
ecl-c      0.329700  0.633347  0.140754  0.139848  0.030032
ecl-nc     0.085873  0.127328  0.644926  0.210882  0.012545
lpv        0.023804  0.024989  0.018907  0.945873  0.009805
rrlyr      0.110345  0.075686  0.024188  0.043314  0.807921
******************************
Predicted   cep  ecl-c  ecl-nc    lpv  rrlyr     All
Actual                                              
cep        4099     17      13    222    144    4495
ecl-c      1126  18264    4531   5547   1185   30653
ecl-nc      348   3225   20494   7439    493   31999
lpv          89    499     426  30644    341   31999
rrlyr       345   1797     758   1658  21348   25906
All        6007  23802   26222  45510  23511  125052
Predicted       cep     ecl-c    ecl-nc       lpv     rrlyr
Actual                                                     
cep        0.911902  0.000555  0.000406  0.006938  0.005559
ecl-c      0.250501  0.595831  0.141598  0.173349  0.045742
ecl-nc     0.077419  0.105210  0.640458  0.232476  0.019030
lpv        0.019800  0.016279  0.013313  0.957655  0.013163
rrlyr      0.076752  0.058624  0.023688  0.051814  0.824056
******************************
Predicted   cep  ecl-c  ecl-nc    lpv  rrlyr     All
Actual                                              
cep        4136     15       9    206    129    4495
ecl-c      1589  18641    4143   4856   1424   30653
ecl-nc      594   3942   19715   7058    690   31999
lpv         175    513     387  30507    417   31999
rrlyr       483   1567     666   1510  21680   25906
All        6977  24678   24920  44137  24340  125052
Predicted       cep     ecl-c    ecl-nc       lpv     rrlyr
Actual                                                     
cep        0.920133  0.000489  0.000281  0.006438  0.004980
ecl-c      0.353504  0.608130  0.129473  0.151755  0.054968
ecl-nc     0.132147  0.128601  0.616113  0.220569  0.026635
lpv        0.038932  0.016736  0.012094  0.953374  0.016097
rrlyr      0.107453  0.051121  0.020813  0.047189  0.836872
******************************
Predicted   cep  ecl-c  ecl-nc    lpv  rrlyr     All
Actual                                              
cep        4076     27      14    265    113    4495
ecl-c      1236  18312    4931   5197    977   30653
ecl-nc      326   2886   21169   7206    412   31999
lpv          76    609     465  30559    290   31999
rrlyr       382   1776     779   1653  21316   25906
All        6096  23610   27358  44880  23108  125052
Predicted       cep     ecl-c    ecl-nc       lpv     rrlyr
Actual                                                     
cep        0.906785  0.000881  0.000438  0.008282  0.004362
ecl-c      0.274972  0.597397  0.154099  0.162411  0.037713
ecl-nc     0.072525  0.094151  0.661552  0.225195  0.015904
lpv        0.016908  0.019868  0.014532  0.954999  0.011194
rrlyr      0.084983  0.057939  0.024345  0.051658  0.822821
******************************
Predicted   cep  ecl-c  ecl-nc    lpv  rrlyr     All
Actual                                              
cep        4166     31      11    173    114    4495
ecl-c      1935  17970    4784   4262   1702   30653
ecl-nc      701   3301   20348   6992    657   31999
lpv         217    575     485  30354    368   31999
rrlyr       620   1936     757   1341  21252   25906
All        7639  23813   26385  43122  24093  125052
Predicted       cep     ecl-c    ecl-nc       lpv     rrlyr
Actual                                                     
cep        0.926808  0.001011  0.000344  0.005406  0.004401
ecl-c      0.430478  0.586240  0.149505  0.133192  0.065699
ecl-nc     0.155951  0.107689  0.635895  0.218507  0.025361
lpv        0.048276  0.018758  0.015157  0.948592  0.014205
rrlyr      0.137931  0.063159  0.023657  0.041908  0.820350
******************************
Predicted   cep  ecl-c  ecl-nc    lpv  rrlyr     All
Actual                                              
cep        4049     39      12    241    137    4478
ecl-c       905  18541    4778   5169   1267   30660
ecl-nc      229   3314   20725   7315    416   31999
lpv          39    565     492  30613    290   31999
rrlyr       277   2050     790   1690  21133   25940
All        5499  24509   26797  45028  23243  125076
Predicted       cep     ecl-c    ecl-nc       lpv     rrlyr
Actual                                                     
cep        0.904198  0.001272  0.000375  0.007531  0.005281
ecl-c      0.202099  0.604729  0.149317  0.161536  0.048843
ecl-nc     0.051139  0.108089  0.647676  0.228601  0.016037
lpv        0.008709  0.018428  0.015375  0.956686  0.011180
rrlyr      0.061858  0.066862  0.024688  0.052814  0.814688
******************************
Predicted   cep  ecl-c  ecl-nc    lpv  rrlyr     All
Actual                                              
cep        4073     27      21    240    117    4478
ecl-c      1067  16465    6484   5265   1379   30660
ecl-nc      295   2060   21998   7199    447   31999
lpv          91    465     664  30486    293   31999
rrlyr       332   1795    1126   1757  20930   25940
All        5858  20812   30293  44947  23166  125076
Predicted       cep     ecl-c    ecl-nc       lpv     rrlyr
Actual                                                     
cep        0.909558  0.000881  0.000656  0.007500  0.004510
ecl-c      0.238276  0.537019  0.202631  0.164536  0.053161
ecl-nc     0.065878  0.067189  0.687459  0.224976  0.017232
lpv        0.020322  0.015166  0.020751  0.952717  0.011295
rrlyr      0.074140  0.058545  0.035189  0.054908  0.806862
******************************
Predicted   cep  ecl-c  ecl-nc    lpv  rrlyr     All
Actual                                              
cep        4127     37      12    208     94    4478
ecl-c      1166  19304    4050   5026   1114   30660
ecl-nc      411   3960   20075   7038    515   31999
lpv         134    592     418  30505    350   31999
rrlyr       397   2111     623   1631  21178   25940
All        6235  26004   25178  44408  23251  125076
Predicted       cep     ecl-c    ecl-nc       lpv     rrlyr
Actual                                                     
cep        0.921617  0.001207  0.000375  0.006500  0.003624
ecl-c      0.260384  0.629615  0.126566  0.157067  0.042945
ecl-nc     0.091782  0.129159  0.627363  0.219944  0.019854
lpv        0.029924  0.019309  0.013063  0.953311  0.013493
rrlyr      0.088656  0.068852  0.019469  0.050970  0.816423
******************************
Predicted   cep  ecl-c  ecl-nc    lpv  rrlyr     All
Actual                                              
cep        4025     34      24    285    110    4478
ecl-c      1057  17342    6020   5293    948   30660
ecl-nc      323   2992   21569   6796    319   31999
lpv          69    758     694  30191    287   31999
rrlyr       374   2229    1059   1769  20509   25940
All        5848  23355   29366  44334  22173  125076
Predicted       cep     ecl-c    ecl-nc       lpv     rrlyr
Actual                                                     
cep        0.898839  0.001109  0.000750  0.008907  0.004241
ecl-c      0.236043  0.565623  0.188131  0.165411  0.036546
ecl-nc     0.072130  0.097586  0.674052  0.212382  0.012298
lpv        0.015409  0.024723  0.021688  0.943498  0.011064
rrlyr      0.083519  0.072701  0.033095  0.055283  0.790632
******************************
Predicted   cep  ecl-c  ecl-nc    lpv  rrlyr     All
Actual                                              
cep        4129     21      12    195    121    4478
ecl-c      1309  18323    4566   5327   1135   30660
ecl-nc      406   3503   20150   7469    471   31999
lpv         144    594     461  30390    410   31999
rrlyr       411   2080     822   1692  20935   25940
All        6399  24521   26011  45073  23072  125076
Predicted       cep     ecl-c    ecl-nc       lpv     rrlyr
Actual                                                     
cep        0.922063  0.000685  0.000375  0.006094  0.004665
ecl-c      0.292318  0.597619  0.142692  0.166474  0.043755
ecl-nc     0.090665  0.114253  0.629707  0.233414  0.018157
lpv        0.032157  0.019374  0.014407  0.949717  0.015806
rrlyr      0.091782  0.067841  0.025688  0.052877  0.807055
******************************
Predicted   cep  ecl-c  ecl-nc    lpv  rrlyr     All
Actual                                              
cep        4090     33      16    213    126    4478
ecl-c      1457  19359    4558   4500    786   30660
ecl-nc      391   3877   20621   6792    318   31999
lpv         115    717     603  30309    255   31999
rrlyr       505   2329     806   1435  20865   25940
All        6558  26315   26604  43249  22350  125076
Predicted       cep     ecl-c    ecl-nc       lpv     rrlyr
Actual                                                     
cep        0.913354  0.001076  0.000500  0.006656  0.004857
ecl-c      0.325368  0.631409  0.142442  0.140629  0.030301
ecl-nc     0.087316  0.126451  0.644426  0.212257  0.012259
lpv        0.025681  0.023386  0.018844  0.947186  0.009830
rrlyr      0.112774  0.075962  0.025188  0.044845  0.804356
******************************
Predicted   cep  ecl-c  ecl-nc    lpv  rrlyr     All
Actual                                              
cep        4102     17      16    207    136    4478
ecl-c      1156  18290    4533   5535   1146   30660
ecl-nc      359   3158   20584   7417    481   31999
lpv          91    482     450  30636    340   31999
rrlyr       359   1779     752   1692  21358   25940
All        6067  23726   26335  45487  23461  125076
Predicted       cep     ecl-c    ecl-nc       lpv     rrlyr
Actual                                                     
cep        0.916034  0.000554  0.000500  0.006469  0.005243
ecl-c      0.258151  0.596543  0.141661  0.172974  0.044179
ecl-nc     0.080170  0.103001  0.643270  0.231788  0.018543
lpv        0.020322  0.015721  0.014063  0.957405  0.013107
rrlyr      0.080170  0.058023  0.023501  0.052877  0.823362
******************************
Predicted   cep  ecl-c  ecl-nc    lpv  rrlyr     All
Actual                                              
cep        4104     21      12    200    141    4478
ecl-c      1593  18675    4073   4836   1483   30660
ecl-nc      574   3877   19776   7075    697   31999
lpv         167    517     371  30499    445   31999
rrlyr       496   1545     686   1511  21702   25940
All        6934  24635   24918  44121  24468  125076
Predicted       cep     ecl-c    ecl-nc       lpv     rrlyr
Actual                                                     
cep        0.916481  0.000685  0.000375  0.006250  0.005436
ecl-c      0.355739  0.609100  0.127285  0.151130  0.057170
ecl-nc     0.128182  0.126451  0.618019  0.221101  0.026870
lpv        0.037293  0.016862  0.011594  0.953124  0.017155
rrlyr      0.110764  0.050391  0.021438  0.047220  0.836623
******************************
Predicted   cep  ecl-c  ecl-nc    lpv  rrlyr     All
Actual                                              
cep        4084     29      16    246    103    4478
ecl-c      1174  18428    4869   5247    942   30660
ecl-nc      339   2883   21178   7185    414   31999
lpv          69    602     480  30579    269   31999
rrlyr       397   1799     802   1665  21277   25940
All        6063  23741   27345  44922  23005  125076
Predicted       cep     ecl-c    ecl-nc       lpv     rrlyr
Actual                                                     
cep        0.912014  0.000946  0.000500  0.007688  0.003971
ecl-c      0.262171  0.601044  0.152161  0.163974  0.036315
ecl-nc     0.075703  0.094031  0.661833  0.224538  0.015960
lpv        0.015409  0.019635  0.015000  0.955624  0.010370
rrlyr      0.088656  0.058676  0.025063  0.052033  0.820239
******************************
Predicted   cep  ecl-c  ecl-nc    lpv  rrlyr     All
Actual                                              
cep        4172     31      12    140    123    4478
ecl-c      1922  17920    4885   4230   1703   30660
ecl-nc      696   3267   20369   6992    675   31999
lpv         195    560     489  30366    389   31999
rrlyr       641   1939     752   1345  21263   25940
All        7626  23717   26507  43073  24153  125076
Predicted       cep     ecl-c    ecl-nc       lpv     rrlyr
Actual                                                     
cep        0.931666  0.001011  0.000375  0.004375  0.004742
ecl-c      0.429209  0.584475  0.152661  0.132192  0.065652
ecl-nc     0.155427  0.106556  0.636551  0.218507  0.026022
lpv        0.043546  0.018265  0.015282  0.948967  0.014996
rrlyr      0.143144  0.063242  0.023501  0.042033  0.819699
******************************
Predicted   cep  ecl-c  ecl-nc    lpv  rrlyr     All
Actual                                              
cep        4026     27      15    240    133    4441
ecl-c       867  18437    4837   5212   1277   30630
ecl-nc      206   3334   20704   7346    409   31999
lpv          49    572     502  30586    290   31999
rrlyr       282   2074     774   1687  21142   25959
All        5430  24444   26832  45071  23251  125028
Predicted       cep     ecl-c    ecl-nc       lpv     rrlyr
Actual                                                     
cep        0.906553  0.000881  0.000469  0.007500  0.005123
ecl-c      0.195226  0.601926  0.151161  0.162880  0.049193
ecl-nc     0.046386  0.108848  0.647020  0.229570  0.015756
lpv        0.011034  0.018675  0.015688  0.955842  0.011171
rrlyr      0.063499  0.067711  0.024188  0.052720  0.814438
******************************
Predicted   cep  ecl-c  ecl-nc    lpv  rrlyr     All
Actual                                              
cep        4042     20      20    242    117    4441
ecl-c      1018  16411    6489   5300   1412   30630
ecl-nc      285   2095   21988   7203    428   31999
lpv          77    486     682  30430    324   31999
rrlyr       319   1807    1149   1799  20885   25959
All        5741  20819   30328  44974  23166  125028
Predicted       cep     ecl-c    ecl-nc       lpv     rrlyr
Actual                                                     
cep        0.910155  0.000653  0.000625  0.007563  0.004507
ecl-c      0.229228  0.535782  0.202788  0.165630  0.054393
ecl-nc     0.064175  0.068397  0.687146  0.225101  0.016488
lpv        0.017338  0.015867  0.021313  0.950967  0.012481
rrlyr      0.071831  0.058994  0.035907  0.056221  0.804538
******************************
Predicted   cep  ecl-c  ecl-nc    lpv  rrlyr     All
Actual                                              
cep        4089     27      11    217     97    4441
ecl-c      1163  19240    4043   5038   1146   30630
ecl-nc      416   3970   20034   7082    497   31999
lpv         141    603     399  30492    364   31999
rrlyr       373   2116     635   1656  21179   25959
All        6182  25956   25122  44485  23283  125028
Predicted       cep     ecl-c    ecl-nc       lpv     rrlyr
Actual                                                     
cep        0.920739  0.000881  0.000344  0.006781  0.003737
ecl-c      0.261878  0.628142  0.126348  0.157442  0.044147
ecl-nc     0.093673  0.129611  0.626082  0.221319  0.019146
lpv        0.031750  0.019687  0.012469  0.952905  0.014022
rrlyr      0.083990  0.069083  0.019844  0.051752  0.815863
******************************
Predicted   cep  ecl-c  ecl-nc    lpv  rrlyr     All
Actual                                              
cep        3984     30      28    285    114    4441
ecl-c      1065  17271    6072   5281    941   30630
ecl-nc      295   2982   21569   6863    290   31999
lpv          78    777     735  30165    244   31999
rrlyr       371   2204    1082   1791  20511   25959
All        5793  23264   29486  44385  22100  125028
Predicted       cep     ecl-c    ecl-nc       lpv     rrlyr
Actual                                                     
cep        0.897095  0.000979  0.000875  0.008907  0.004392
ecl-c      0.239811  0.563859  0.189756  0.165036  0.036249
ecl-nc     0.066426  0.097356  0.674052  0.214475  0.011171
lpv        0.017564  0.025367  0.022969  0.942686  0.009399
rrlyr      0.083540  0.071956  0.033814  0.055970  0.790131
******************************
Predicted   cep  ecl-c  ecl-nc    lpv  rrlyr     All
Actual                                              
cep        4115     15      13    181    117    4441
ecl-c      1296  18295    4565   5313   1161   30630
ecl-nc      403   3448   20191   7477    480   31999
lpv         157    611     485  30355    391   31999
rrlyr       416   2094     800   1711  20938   25959
All        6387  24463   26054  45037  23087  125028
Predicted       cep     ecl-c    ecl-nc       lpv     rrlyr
Actual                                                     
cep        0.926593  0.000490  0.000406  0.005656  0.004507
ecl-c      0.291826  0.597290  0.142661  0.166036  0.044724
ecl-nc     0.090745  0.112569  0.630988  0.233664  0.018491
lpv        0.035352  0.019948  0.015157  0.948623  0.015062
rrlyr      0.093673  0.068364  0.025001  0.053470  0.806580
******************************
Predicted   cep  ecl-c  ecl-nc    lpv  rrlyr     All
Actual                                              
cep        4061     33      13    204    130    4441
ecl-c      1484  19324    4528   4487    807   30630
ecl-nc      359   3873   20645   6798    324   31999
lpv         120    761     581  30282    255   31999
rrlyr       511   2285     810   1418  20935   25959
All        6535  26276   26577  43189  22451  125028
Predicted       cep     ecl-c    ecl-nc       lpv     rrlyr
Actual                                                     
cep        0.914434  0.001077  0.000406  0.006375  0.005008
ecl-c      0.334159  0.630885  0.141504  0.140223  0.031087
ecl-nc     0.080838  0.126445  0.645176  0.212444  0.012481
lpv        0.027021  0.024845  0.018157  0.946342  0.009823
rrlyr      0.115064  0.074600  0.025313  0.044314  0.806464
******************************
Predicted   cep  ecl-c  ecl-nc    lpv  rrlyr     All
Actual                                              
cep        4079     14      12    202    134    4441
ecl-c      1110  18278    4500   5590   1152   30630
ecl-nc      333   3196   20546   7424    500   31999
lpv          94    500     423  30634    348   31999
rrlyr       362   1809     763   1680  21345   25959
All        5978  23797   26244  45530  23479  125028
Predicted       cep     ecl-c    ecl-nc       lpv     rrlyr
Actual                                                     
cep        0.918487  0.000457  0.000375  0.006313  0.005162
ecl-c      0.249944  0.596735  0.140629  0.174693  0.044378
ecl-nc     0.074983  0.104342  0.642083  0.232007  0.019261
lpv        0.021166  0.016324  0.013219  0.957342  0.013406
rrlyr      0.081513  0.059060  0.023844  0.052502  0.822258
******************************
Predicted   cep  ecl-c  ecl-nc    lpv  rrlyr     All
Actual                                              
cep        4100     15      15    189    122    4441
ecl-c      1537  18539    4200   4881   1473   30630
ecl-nc      576   3883   19803   7077    660   31999
lpv         172    530     348  30511    438   31999
rrlyr       495   1595     690   1523  21656   25959
All        6880  24562   25056  44181  24349  125028
Predicted       cep     ecl-c    ecl-nc       lpv     rrlyr
Actual                                                     
cep        0.923215  0.000490  0.000469  0.005906  0.004700
ecl-c      0.346093  0.605256  0.131254  0.152536  0.056743
ecl-nc     0.129701  0.126771  0.618863  0.221163  0.025425
lpv        0.038730  0.017303  0.010875  0.953499  0.016873
rrlyr      0.111461  0.052073  0.021563  0.047595  0.834239
******************************
Predicted   cep  ecl-c  ecl-nc    lpv  rrlyr     All
Actual                                              
cep        4062     25      16    231    107    4441
ecl-c      1211  18337    4911   5174    997   30630
ecl-nc      325   2952   21111   7226    385   31999
lpv          87    632     490  30497    293   31999
rrlyr       383   1781     786   1680  21329   25959
All        6068  23727   27314  44808  23111  125028
Predicted       cep     ecl-c    ecl-nc       lpv     rrlyr
Actual                                                     
cep        0.914659  0.000816  0.000500  0.007219  0.004122
ecl-c      0.272686  0.598661  0.153474  0.161693  0.038407
ecl-nc     0.073182  0.096376  0.659739  0.225820  0.014831
lpv        0.019590  0.020633  0.015313  0.953061  0.011287
rrlyr      0.086242  0.058146  0.024563  0.052502  0.821642
******************************
Predicted   cep  ecl-c  ecl-nc    lpv  rrlyr     All
Actual                                              
cep        4131     22      11    159    118    4441
ecl-c      1897  17874    4896   4292   1671   30630
ecl-nc      645   3298   20350   7070    636   31999
lpv         222    608     486  30314    369   31999
rrlyr       643   1953     749   1376  21238   25959
All        7538  23755   26492  43211  24032  125028
Predicted       cep     ecl-c    ecl-nc       lpv     rrlyr
Actual                                                     
cep        0.930196  0.000718  0.000344  0.004969  0.004546
ecl-c      0.427156  0.583546  0.153005  0.134129  0.064371
ecl-nc     0.145238  0.107672  0.635957  0.220944  0.024500
lpv        0.049989  0.019850  0.015188  0.947342  0.014215
rrlyr      0.144787  0.063761  0.023407  0.043001  0.818136
******************************
Predicted   cep  ecl-c  ecl-nc    lpv  rrlyr     All
Actual                                              
cep        4019     37      13    258    142    4469
ecl-c       886  18502    4831   5189   1260   30668
ecl-nc      220   3329   20753   7314    383   31999
lpv          47    566     488  30607    291   31999
rrlyr       258   2030     778   1644  21211   25921
All        5430  24464   26863  45012  23287  125056
Predicted       cep     ecl-c    ecl-nc       lpv     rrlyr
Actual                                                     
cep        0.899306  0.001206  0.000406  0.008063  0.005478
ecl-c      0.198255  0.603300  0.150973  0.162161  0.048609
ecl-nc     0.049228  0.108550  0.648552  0.228570  0.014776
lpv        0.010517  0.018456  0.015250  0.956499  0.011226
rrlyr      0.057731  0.066193  0.024313  0.051377  0.818294
Predicted       cep  ecl-c  ecl-nc    lpv  rrlyr     All
Survey Actual                                           
ASASSN cep      626     24       5    203     43     901
       ecl-c    884    503      83   4613    586    6669
       ecl-nc   220    233     522   6872    153    8000
       lpv       39    151     207   7531     72    8000
       rrlyr    236    154      24   1311    197    1922
ATLAS  cep       94      0       0     23     31     148
       ecl-c      0   6802    1144     32     21    7999
       ecl-nc     0   1090    6852     41     16    7999
       lpv        7     11       6   7860    115    7999
       rrlyr      8      2       0     69   7920    7999
OGLE   cep     3290     11       5     25     45    3376
       ecl-c      2   6132    1497    118    251    8000
       ecl-nc     0    592    7160    131    117    8000
       lpv        1     26      67   7856     50    8000
       rrlyr     14    924     343    104   6615    8000
VVV    cep        9      2       3      7     23      44
       ecl-c      0   5065    2107    426    402    8000
       ecl-nc     0   1414    6219    270     97    8000
       lpv        0    378     208   7360     54    8000
       rrlyr      0    950     411    160   6479    8000
All            5430  24464   26863  45012  23287  125056
******************************
Predicted   cep  ecl-c  ecl-nc    lpv  rrlyr     All
Actual                                              
cep        4060     18      27    243    121    4469
ecl-c      1011  16440    6481   5328   1408   30668
ecl-nc      289   2040   22080   7135    455   31999
lpv          83    475     726  30383    332   31999
rrlyr       318   1735    1123   1734  21011   25921
All        5761  20708   30437  44823  23327  125056
Predicted       cep     ecl-c    ecl-nc       lpv     rrlyr
Actual                                                     
cep        0.908481  0.000587  0.000844  0.007594  0.004668
ecl-c      0.226225  0.536064  0.202538  0.166505  0.054319
ecl-nc     0.064668  0.066519  0.690022  0.222976  0.017553
lpv        0.018572  0.015488  0.022688  0.949498  0.012808
rrlyr      0.071157  0.056574  0.035095  0.054189  0.810578
Predicted       cep  ecl-c  ecl-nc    lpv  rrlyr     All
Survey Actual                                           
ASASSN cep      652      9      15    192     33     901
       ecl-c   1003    191     226   4741    508    6669
       ecl-nc   287    142     656   6744    171    8000
       lpv       68     92     311   7464     65    8000
       rrlyr    275     79      66   1343    159    1922
ATLAS  cep      103      0       0     20     25     148
       ecl-c      0   6117    1821     33     28    7999
       ecl-nc     0    545    7393     47     14    7999
       lpv        5      8      14   7857    115    7999
       rrlyr      8      0       0     41   7950    7999
OGLE   cep     3302      8       7     24     35    3376
       ecl-c      7   5712    1866    102    313    8000
       ecl-nc     2    322    7458    104    114    8000
       lpv       10     31     107   7782     70    8000
       rrlyr     34    882     579    187   6318    8000
VVV    cep        3      1       5      7     28      44
       ecl-c      1   4420    2568    452    559    8000
       ecl-nc     0   1031    6573    240    156    8000
       lpv        0    344     294   7280     82    8000
       rrlyr      1    774     478    163   6584    8000
All            5761  20708   30437  44823  23327  125056
******************************
Predicted   cep  ecl-c  ecl-nc    lpv  rrlyr     All
Actual                                              
cep        4111     31      13    207    107    4469
ecl-c      1214  19276    4073   4972   1133   30668
ecl-nc      435   4001   20090   6988    485   31999
lpv         131    605     373  30520    370   31999
rrlyr       378   2083     639   1579  21242   25921
All        6269  25996   25188  44266  23337  125056
Predicted       cep     ecl-c    ecl-nc       lpv     rrlyr
Actual                                                     
cep        0.919893  0.001011  0.000406  0.006469  0.004128
ecl-c      0.271649  0.628538  0.127285  0.155380  0.043710
ecl-nc     0.097337  0.130462  0.627832  0.218382  0.018711
lpv        0.029313  0.019727  0.011657  0.953780  0.014274
rrlyr      0.084583  0.067921  0.019969  0.049345  0.819490
Predicted       cep  ecl-c  ecl-nc    lpv  rrlyr     All
Survey Actual                                           
ASASSN cep      685     17       7    166     26     901
       ecl-c   1209    470      90   4378    522    6669
       ecl-nc   432    284     515   6576    193    8000
       lpv      104    182     145   7473     96    8000
       rrlyr    320    151      32   1257    162    1922
ATLAS  cep      107      0       0     15     26     148
       ecl-c      0   7291     660     26     22    7999
       ecl-nc     0   1603    6346     33     17    7999
       lpv       16     11       7   7843    122    7999
       rrlyr     13      6       0     70   7910    7999
OGLE   cep     3309     11       3     18     35    3376
       ecl-c      3   6273    1319    113    292    8000
       ecl-nc     3    705    7009    126    157    8000
       lpv       11     40      53   7802     94    8000
       rrlyr     44    908     309    101   6638    8000
VVV    cep       10      3       3      8     20      44
       ecl-c      2   5242    2004    455    297    8000
       ecl-nc     0   1409    6220    253    118    8000
       lpv        0    372     168   7402     58    8000
       rrlyr      1   1018     298    151   6532    8000
All            6269  25996   25188  44266  23337  125056
******************************
Predicted   cep  ecl-c  ecl-nc    lpv  rrlyr     All
Actual                                              
cep        4001     31      21    293    123    4469
ecl-c      1091  17356    6048   5291    882   30668
ecl-nc      315   2971   21661   6764    288   31999
lpv          88    772     689  30170    280   31999
rrlyr       339   2190    1040   1740  20612   25921
All        5834  23320   29459  44258  22185  125056
Predicted       cep     ecl-c    ecl-nc       lpv     rrlyr
Actual                                                     
cep        0.895279  0.001011  0.000656  0.009157  0.004745
ecl-c      0.244126  0.565932  0.189006  0.165349  0.034026
ecl-nc     0.070486  0.096876  0.676927  0.211382  0.011111
lpv        0.019691  0.025173  0.021532  0.942842  0.010802
rrlyr      0.075856  0.071410  0.032501  0.054377  0.795185
Predicted       cep  ecl-c  ecl-nc    lpv  rrlyr     All
Survey Actual                                           
ASASSN cep      604     12      11    233     41     901
       ecl-c   1084    333     205   4783    264    6669
       ecl-nc   313    183     979   6420    105    8000
       lpv       74    143     312   7404     67    8000
       rrlyr    288    102      78   1351    103    1922
ATLAS  cep       95      0       0     22     31     148
       ecl-c      0   6012    1951     21     15    7999
       ecl-nc     0    678    7281     35      5    7999
       lpv       12     12       9   7847    119    7999
       rrlyr      6      9       3     69   7912    7999
OGLE   cep     3293     16       4     35     28    3376
       ecl-c      5   5684    1818    128    365    8000
       ecl-nc     1    474    7310    112    103    8000
       lpv        2     32      90   7815     61    8000
       rrlyr     45    940     524    160   6331    8000
VVV    cep        9      3       6      3     23      44
       ecl-c      2   5327    2074    359    238    8000
       ecl-nc     1   1636    6091    197     75    8000
       lpv        0    585     278   7104     33    8000
       rrlyr      0   1139     435    160   6266    8000
All            5834  23320   29459  44258  22185  125056
******************************
Predicted   cep  ecl-c  ecl-nc    lpv  rrlyr     All
Actual                                              
cep        4108     19      14    201    127    4469
ecl-c      1333  18384    4541   5255   1155   30668
ecl-nc      446   3454   20188   7429    482   31999
lpv         149    594     480  30371    405   31999
rrlyr       387   2070     784   1697  20983   25921
All        6423  24521   26007  44953  23152  125056
Predicted       cep     ecl-c    ecl-nc       lpv     rrlyr
Actual                                                     
cep        0.919221  0.000620  0.000438  0.006281  0.004900
ecl-c      0.298277  0.599452  0.141911  0.164224  0.044558
ecl-nc     0.099799  0.112626  0.630895  0.232164  0.018595
lpv        0.033341  0.019369  0.015000  0.949123  0.015624
rrlyr      0.086597  0.067497  0.024501  0.053033  0.809498
Predicted       cep  ecl-c  ecl-nc    lpv  rrlyr     All
Survey Actual                                           
ASASSN cep      670      9       8    172     42     901
       ecl-c   1322    149      66   4752    380    6669
       ecl-nc   443    109     308   6984    156    8000
       lpv      128    101     175   7470    126    8000
       rrlyr    313     72      29   1381    127    1922
ATLAS  cep      108      0       0     12     28     148
       ecl-c      0   7009     918     34     38    7999
       ecl-nc     0   1238    6666     74     21    7999
       lpv       15      8       6   7833    137    7999
       rrlyr     12      1       0     33   7953    7999
OGLE   cep     3321      7       1     11     36    3376
       ecl-c      9   6027    1533     78    353    8000
       ecl-nc     3    592    7114    132    159    8000
       lpv        3     34      70   7813     80    8000
       rrlyr     58   1025     421    112   6384    8000
VVV    cep        9      3       5      6     21      44
       ecl-c      2   5199    2024    391    384    8000
       ecl-nc     0   1515    6100    239    146    8000
       lpv        3    451     229   7255     62    8000
       rrlyr      4    972     334    171   6519    8000
All            6423  24521   26007  44953  23152  125056
******************************
Predicted   cep  ecl-c  ecl-nc    lpv  rrlyr     All
Actual                                              
cep        4076     26      19    215    133    4469
ecl-c      1446  19452    4545   4467    758   30668
ecl-nc      395   3913   20680   6716    295   31999
lpv         120    758     588  30252    281   31999
rrlyr       477   2289     805   1399  20951   25921
All        6514  26438   26637  43049  22418  125056
Predicted       cep     ecl-c    ecl-nc       lpv     rrlyr
Actual                                                     
cep        0.912061  0.000848  0.000594  0.006719  0.005131
ecl-c      0.323562  0.634277  0.142036  0.139598  0.029243
ecl-nc     0.088387  0.127592  0.646270  0.209882  0.011381
lpv        0.026852  0.024716  0.018376  0.945405  0.010841
rrlyr      0.106735  0.074638  0.025157  0.043720  0.808264
Predicted       cep  ecl-c  ecl-nc    lpv  rrlyr     All
Survey Actual                                           
ASASSN cep      656     17      10    188     30     901
       ecl-c   1434    733     146   3994    362    6669
       ecl-nc   393    310     804   6362    131    8000
       lpv       89    254     261   7339     57    8000
       rrlyr    422    221      47   1116    116    1922
ATLAS  cep      107      0       0      7     34     148
       ecl-c      0   7077     897     14     11    7999
       ecl-nc     0   1267    6695     26     11    7999
       lpv       19      6       5   7849    120    7999
       rrlyr     15      1       0     52   7931    7999
OGLE   cep     3301      5       5     16     49    3376
       ecl-c     12   6424    1301     85    178    8000
       ecl-nc     1    841    6981    103     74    8000
       lpv       12     38      82   7804     64    8000
       rrlyr     38    913     325     92   6632    8000
VVV    cep       12      4       4      4     20      44
       ecl-c      0   5218    2201    374    207    8000
       ecl-nc     1   1495    6200    225     79    8000
       lpv        0    460     240   7260     40    8000
       rrlyr      2   1154     433    139   6272    8000
All            6514  26438   26637  43049  22418  125056
******************************
Predicted   cep  ecl-c  ecl-nc    lpv  rrlyr     All
Actual                                              
cep        4083     17      16    211    142    4469
ecl-c      1140  18326    4511   5553   1138   30668
ecl-nc      359   3167   20601   7389    483   31999
lpv          83    497     431  30666    322   31999
rrlyr       364   1733     780   1655  21389   25921
All        6029  23740   26339  45474  23474  125056
Predicted       cep     ecl-c    ecl-nc       lpv     rrlyr
Actual                                                     
cep        0.913627  0.000554  0.000500  0.006594  0.005478
