Predicted   cep  ecl-c  ecl-nc    lpv  rrlyr     All
Actual                                              
cep        4246     27      17    231    144    4665
ecl-c      1414  17559    5361   6449   1216   31999
ecl-nc      261   3094   20424   7877    343   31999
lpv          62   1159    1215  29273    172   31881
rrlyr       496   2430     923   2042  20427   26318
All        6479  24269   27940  45872  22302  126862
Predicted       cep     ecl-c    ecl-nc       lpv     rrlyr
Actual                                                     
cep        0.910182  0.000844  0.000531  0.007246  0.005472
ecl-c      0.303108  0.548736  0.167536  0.202283  0.046204
ecl-nc     0.055949  0.096691  0.638270  0.247075  0.013033
lpv        0.013290  0.036220  0.037970  0.918196  0.006535
rrlyr      0.106324  0.075940  0.028845  0.064051  0.776161
Predicted       cep  ecl-c  ecl-nc    lpv  rrlyr     All
Survey Actual                                           
ASASSN cep      853     18       9    186     31    1097
       ecl-c   1402    415     319   5385    479    8000
       ecl-nc   259    200     868   6531    142    8000
       lpv       55    182     142   7456     47    7882
       rrlyr    433    132      79   1540    135    2319
ATLAS  cep       86      0       0      1     61     148
       ecl-c      0   6178    1219    576     26    7999
       ecl-nc     0    848    6185    962      4    7999
       lpv        0    428     705   6840     26    7999
       rrlyr     10      0       1      4   7984    7999
OGLE   cep     3300      7       6     37     26    3376
       ecl-c     10   5725    1658    171    436    8000
       ecl-nc     2    521    7166    195    116    8000
       lpv        5     38     150   7754     53    8000
       rrlyr     52   1156     435    276   6081    8000
VVV    cep        7      2       2      7     26      44
       ecl-c      2   5241    2165    317    275    8000
       ecl-nc     0   1525    6205    189     81    8000
       lpv        2    511     218   7223     46    8000
       rrlyr      1   1142     408    222   6227    8000
All            6479  24269   27940  45872  22302  126862
******************************
Predicted   cep  ecl-c  ecl-nc    lpv  rrlyr     All
Actual                                              
cep        4289     32      14    239     91    4665
ecl-c      1217  18921    4231   6605   1025   31999
ecl-nc      250   3575   19783   7957    434   31999
lpv          39   1131     835  29747    129   31881
rrlyr       390   2290     748   1967  20923   26318
All        6185  25949   25611  46515  22602  126862
Predicted       cep     ecl-c    ecl-nc       lpv     rrlyr
Actual                                                     
cep        0.919400  0.001000  0.000438  0.007497  0.003458
ecl-c      0.260879  0.591300  0.132223  0.207177  0.038947
ecl-nc     0.053591  0.111722  0.618238  0.249584  0.016491
lpv        0.008360  0.035345  0.026095  0.933064  0.004902
rrlyr      0.083601  0.071565  0.023376  0.061698  0.795007
Predicted       cep  ecl-c  ecl-nc    lpv  rrlyr     All
Survey Actual                                           
ASASSN cep      846     19       7    204     21    1097
       ecl-c   1212    478     168   5624    518    8000
       ecl-nc   249    245     726   6535    245    8000
       lpv       36    164      70   7588     24    7882
       rrlyr    328    140      51   1637    163    2319
ATLAS  cep      122      0       0      0     26     148
       ecl-c      0   6831     597    551     20    7999
       ecl-nc     0   1079    5873   1036     11    7999
       lpv        0    457     491   7036     15    7999
       rrlyr     35      3       1      4   7956    7999
OGLE   cep     3309      9       4     32     22    3376
       ecl-c      4   6156    1515    110    215    8000
       ecl-nc     1    586    7135    172    106    8000
       lpv        1     30      81   7854     34    8000
       rrlyr     22   1051     368    162   6397    8000
VVV    cep       12      4       3      3     22      44
       ecl-c      1   5456    1951    320    272    8000
       ecl-nc     0   1665    6049    214     72    8000
       lpv        2    480     193   7269     56    8000
       rrlyr      5   1096     328    164   6407    8000
All            6185  25949   25611  46515  22602  126862
******************************
Predicted   cep  ecl-c  ecl-nc    lpv  rrlyr     All
Actual                                              
cep        4177     34      11    342    101    4665
ecl-c       716  16883    4966   8727    707   31999
ecl-nc      108   2667   19384   9504    336   31999
lpv          21    639     809  30319     93   31881
rrlyr       244   2163     918   2787  20206   26318
All        5266  22386   26088  51679  21443  126862
Predicted       cep     ecl-c    ecl-nc       lpv     rrlyr
Actual                                                     
cep        0.895391  0.001063  0.000344  0.010727  0.003838
ecl-c      0.153483  0.527610  0.155192  0.273737  0.026864
ecl-nc     0.023151  0.083346  0.605769  0.298109  0.012767
lpv        0.004502  0.019969  0.025282  0.951005  0.003534
rrlyr      0.052304  0.067596  0.028688  0.087419  0.767764
Predicted       cep  ecl-c  ecl-nc    lpv  rrlyr     All
Survey Actual                                           
ASASSN cep      778     18       5    288      8    1097
       ecl-c    714    206     171   6747    162    8000
       ecl-nc   106    144     500   7113    137    8000
       lpv       17     67      73   7705     20    7882
       rrlyr    196     82      45   1936     60    2319
ATLAS  cep      105      0       0      0     43     148
       ecl-c      1   5922    1064    997     15    7999
       ecl-nc     0    651    5710   1634      4    7999
       lpv        0    227     444   7306     22    7999
       rrlyr     24      1       2      3   7969    7999
OGLE   cep     3283     14       4     50     25    3376
       ecl-c      1   5843    1684    220    252    8000
       ecl-nc     0    428    7142    310    120    8000
       lpv        1     11      93   7874     21    8000
       rrlyr     24   1104     481    485   5906    8000
VVV    cep       11      2       2      4     25      44
       ecl-c      0   4912    2047    763    278    8000
       ecl-nc     2   1444    6032    447     75    8000
       lpv        3    334     199   7434     30    8000
       rrlyr      0    976     390    363   6271    8000
All            5266  22386   26088  51679  21443  126862
******************************
Predicted   cep  ecl-c  ecl-nc    lpv  rrlyr     All
Actual                                              
cep        4322     18      12    178    135    4665
ecl-c      1992  17906    4592   6225   1284   31999
ecl-nc      700   3792   19389   7543    575   31999
lpv          92   1293    1504  28640    352   31881
rrlyr       635   1936     769   1785  21193   26318
All        7741  24945   26266  44371  23539  126862
Predicted       cep     ecl-c    ecl-nc       lpv     rrlyr
Actual                                                     
cep        0.926474  0.000563  0.000375  0.005583  0.005130
ecl-c      0.427010  0.559580  0.143504  0.195257  0.048788
ecl-nc     0.150054  0.118504  0.605925  0.236599  0.021848
lpv        0.019721  0.040408  0.047001  0.898341  0.013375
rrlyr      0.136120  0.060502  0.024032  0.055989  0.805266
Predicted       cep  ecl-c  ecl-nc    lpv  rrlyr     All
Survey Actual                                           
ASASSN cep      907      7       5    165     13    1097
       ecl-c   1980    131      82   5491    316    8000
       ecl-nc   690    206     314   6556    234    8000
       lpv       81    139      95   7487     80    7882
       rrlyr    582     57      25   1509    146    2319
ATLAS  cep       87      0       0      1     60     148
       ecl-c      0   7035     712    215     37    7999
       ecl-nc     0   1660    5708    616     15    7999
       lpv        0    610     956   6379     54    7999
       rrlyr     10      3       1      2   7983    7999
OGLE   cep     3320      7       3      8     38    3376
       ecl-c      8   5869    1551    103    469    8000
       ecl-nc     9    583    7067    152    189    8000
       lpv       10     47     185   7633    125    8000
       rrlyr     40    997     421    111   6431    8000
VVV    cep        8      4       4      4     24      44
       ecl-c      4   4871    2247    416    462    8000
       ecl-nc     1   1343    6300    219    137    8000
       lpv        1    497     268   7141     93    8000
       rrlyr      3    879     322    163   6633    8000
All            7741  24945   26266  44371  23539  126862
******************************
Predicted   cep  ecl-c  ecl-nc    lpv  rrlyr     All
Actual                                              
cep        4293     39      14    188    131    4665
ecl-c      1394  18874    4584   6125   1022   31999
ecl-nc      238   3328   20483   7531    419   31999
lpv          63   1175    1288  29171    184   31881
rrlyr       461   2125     723   1803  21206   26318
All        6449  25541   27092  44818  22962  126862
Predicted       cep     ecl-c    ecl-nc       lpv     rrlyr
Actual                                                     
cep        0.920257  0.001219  0.000438  0.005897  0.004978
ecl-c      0.298821  0.589831  0.143254  0.192121  0.038833
ecl-nc     0.051018  0.104003  0.640114  0.236222  0.015921
lpv        0.013505  0.036720  0.040251  0.914996  0.006991
rrlyr      0.098821  0.066408  0.022594  0.056554  0.805760
Predicted       cep  ecl-c  ecl-nc    lpv  rrlyr     All
Survey Actual                                           
ASASSN cep      844     29       9    171     44    1097
       ecl-c   1387    567     245   5407    394    8000
       ecl-nc   234    197     852   6534    183    8000
       lpv       60    184     123   7465     50    7882
       rrlyr    399    170      55   1550    145    2319
ATLAS  cep      121      0       0      1     26     148
       ecl-c      0   6712     941    327     19    7999
       ecl-nc     0    963    6313    717      6    7999
       lpv        0    457     831   6684     27    7999
       rrlyr     10     11       1      1   7976    7999
OGLE   cep     3317      8       4     11     36    3376
       ecl-c      4   6254    1343     95    304    8000
       ecl-nc     4    644    7107    119    126    8000
       lpv        2     24     103   7822     49    8000
       rrlyr     50    893     325    102   6630    8000
VVV    cep       11      2       1      5     25      44
       ecl-c      3   5341    2055    296    305    8000
       ecl-nc     0   1524    6211    161    104    8000
       lpv        1    510     231   7200     58    8000
       rrlyr      2   1051     342    150   6455    8000
All            6449  25541   27092  44818  22962  126862
******************************
Predicted   cep  ecl-c  ecl-nc    lpv  rrlyr     All
Actual                                              
cep        4267     28      14    266     90    4665
ecl-c      1172  16573    6082   7252    920   31999
ecl-nc      237   2190   20786   8431    355   31999
lpv          44    797    1028  29892    120   31881
rrlyr       447   2087    1018   2264  20502   26318
All        6167  21675   28928  48105  21987  126862
Predicted       cep     ecl-c    ecl-nc       lpv     rrlyr
Actual                                                     
cep        0.914684  0.000875  0.000438  0.008344  0.003420
ecl-c      0.251233  0.517922  0.190068  0.227471  0.034957
ecl-nc     0.050804  0.068440  0.649583  0.264452  0.013489
lpv        0.009432  0.024907  0.032126  0.937612  0.004560
rrlyr      0.095820  0.065221  0.031813  0.071014  0.779011
Predicted       cep  ecl-c  ecl-nc    lpv  rrlyr     All
Survey Actual                                           
ASASSN cep      836     16       9    221     15    1097
       ecl-c   1166    415     228   5940    251    8000
       ecl-nc   235    142     693   6808    122    8000
       lpv       40     94     111   7615     22    7882
       rrlyr    366    116      65   1690     82    2319
ATLAS  cep      121      0       0      2     25     148
       ecl-c      0   5786    1536    644     33    7999
       ecl-nc     0    622    6220   1147     10    7999
       lpv        0    335     623   7022     19    7999
       rrlyr     48      1       0      3   7947    7999
OGLE   cep     3300     12       3     38     23    3376
       ecl-c      4   5638    1891    223    244    8000
       ecl-nc     2    244    7409    242    103    8000
       lpv        3     20      69   7885     23    8000
       rrlyr     25   1046     571    382   5976    8000
VVV    cep       10      0       2      5     27      44
       ecl-c      2   4734    2427    445    392    8000
       ecl-nc     0   1182    6464    234    120    8000
       lpv        1    348     225   7370     56    8000
       rrlyr      8    924     382    189   6497    8000
All            6167  21675   28928  48105  21987  126862
******************************
Predicted   cep  ecl-c  ecl-nc    lpv  rrlyr     All
Actual                                              
cep        4307     14      12    205    127    4665
ecl-c      1415  18454    4497   6511   1122   31999
ecl-nc      336   3477   20062   7561    563   31999
lpv          84   1429    1344  28715    309   31881
rrlyr       465   1858     722   1891  21382   26318
All        6607  25232   26637  44883  23503  126862
Predicted       cep     ecl-c    ecl-nc       lpv     rrlyr
Actual                                                     
cep        0.923258  0.000438  0.000375  0.006430  0.004826
ecl-c      0.303323  0.576706  0.140536  0.204228  0.042632
ecl-nc     0.072026  0.108660  0.626957  0.237163  0.021392
lpv        0.018006  0.044658  0.042001  0.900693  0.011741
rrlyr      0.099678  0.058064  0.022563  0.059314  0.812448
Predicted       cep  ecl-c  ecl-nc    lpv  rrlyr     All
Survey Actual                                           
ASASSN cep      875      7       8    185     22    1097
       ecl-c   1410    139     135   5996    320    8000
       ecl-nc   335    155     515   6738    257    8000
       lpv       79     89      94   7540     80    7882
       rrlyr    427     47      37   1690    118    2319
ATLAS  cep      110      0       0      0     38     148
       ecl-c      0   6865     841    254     39    7999
       ecl-nc     0   1071    6331    580     17    7999
       lpv        0    647     839   6460     53    7999
       rrlyr     13      0       1      0   7985    7999
OGLE   cep     3315      6       1     14     40    3376
       ecl-c      5   5955    1557     68    415    8000
       ecl-nc     1    479    7233    101    186    8000
       lpv        4     60     162   7668    106    8000
       rrlyr     22    734     371     88   6785    8000
VVV    cep        7      1       3      6     27      44
       ecl-c      0   5495    1964    193    348    8000
       ecl-nc     0   1772    5983    142    103    8000
       lpv        1    633     249   7047     70    8000
       rrlyr      3   1077     313    113   6494    8000
All            6607  25232   26637  44883  23503  126862
******************************
Predicted   cep  ecl-c  ecl-nc    lpv  rrlyr     All
Actual                                              
cep        4259     26       9    232    139    4665
ecl-c      1083  17916    4527   6952   1521   31999
ecl-nc      201   3221   19591   8246    740   31999
lpv          69   1208    1230  29083    291   31881
rrlyr       377   1638     739   2024  21540   26318
All        5989  24009   26096  46537  24231  126862
Predicted       cep     ecl-c    ecl-nc       lpv     rrlyr
Actual                                                     
cep        0.912969  0.000813  0.000281  0.007277  0.005282
ecl-c      0.232154  0.559892  0.141473  0.218061  0.057793
ecl-nc     0.043087  0.100659  0.612238  0.258649  0.028118
lpv        0.014791  0.037751  0.038439  0.912236  0.011057
rrlyr      0.080815  0.051189  0.023094  0.063486  0.818451
Predicted       cep  ecl-c  ecl-nc    lpv  rrlyr     All
Survey Actual                                           
ASASSN cep      863      9       2    201     22    1097
       ecl-c   1080    108      61   6279    472    8000
       ecl-nc   200    116     341   7096    247    8000
       lpv       65     55      38   7635     89    7882
       rrlyr    340     48      16   1749    166    2319
ATLAS  cep       98      0       0      1     49     148
       ecl-c      0   6911     731    319     38    7999
       ecl-nc     0   1292    5897    800     10    7999
       lpv        0    553     781   6643     22    7999
       rrlyr     11      2       0      2   7984    7999
OGLE   cep     3293     12       4     21     46    3376
       ecl-c      3   5891    1341    101    664    8000
       ecl-nc     0    633    6831    173    363    8000
       lpv        1     48      60   7805     86    8000
       rrlyr     22    687     280    123   6888    8000
VVV    cep        5      5       3      9     22      44
       ecl-c      0   5006    2394    253    347    8000
       ecl-nc     1   1180    6522    177    120    8000
       lpv        3    552     351   7000     94    8000
       rrlyr      4    901     443    150   6502    8000
All            5989  24009   26096  46537  24231  126862
******************************
Predicted   cep  ecl-c  ecl-nc    lpv  rrlyr     All
Actual                                              
cep        4257     21      13    261    113    4665
ecl-c      1143  17407    5396   6894   1159   31999
ecl-nc      198   2455   21207   7715    424   31999
lpv          43    865    1111  29670    192   31881
rrlyr       432   2008     945   1958  20975   26318
All        6073  22756   28672  46498  22863  126862
Predicted       cep     ecl-c    ecl-nc       lpv     rrlyr
Actual                                                     
cep        0.912540  0.000656  0.000406  0.008187  0.004294
ecl-c      0.245016  0.543986  0.168630  0.216242  0.044038
ecl-nc     0.042444  0.076721  0.662739  0.241994  0.016111
lpv        0.009218  0.027032  0.034720  0.930648  0.007295
rrlyr      0.092605  0.062752  0.029532  0.061416  0.796983
Predicted       cep  ecl-c  ecl-nc    lpv  rrlyr     All
Survey Actual                                           
ASASSN cep      833     11       9    225     19    1097
       ecl-c   1137    299     181   5914    469    8000
       ecl-nc   196    186     936   6506    176    8000
       lpv       39    106     127   7556     54    7882
       rrlyr    371     93      60   1643    152    2319
ATLAS  cep      124      0       0      0     24     148
       ecl-c      0   6000    1429    541     29    7999
       ecl-nc     0    570    6544    880      5    7999
       lpv        0    296     661   7024     18    7999
       rrlyr     40      2       0      1   7956    7999
OGLE   cep     3291      8       2     30     45    3376
       ecl-c      6   5952    1638     93    311    8000
       ecl-nc     2    402    7319    140    137    8000
       lpv        1     21      83   7842     53    8000
       rrlyr     17    971     487    148   6377    8000
VVV    cep        9      2       2      6     25      44
       ecl-c      0   5156    2148    346    350    8000
       ecl-nc     0   1297    6408    189    106    8000
       lpv        3    442     240   7248     67    8000
       rrlyr      4    942     398    166   6490    8000
All            6073  22756   28672  46498  22863  126862
******************************
Predicted   cep  ecl-c  ecl-nc    lpv  rrlyr     All
Actual                                              
cep        4219     51      17    239    139    4665
ecl-c      1306  18649    5024   5735   1285   31999
ecl-nc      332   3898   20240   6916    613   31999
lpv          71   1571    1541  28469    229   31881
rrlyr       461   2484     918   1750  20705   26318
All        6389  26653   27740  43109  22971  126862
Predicted       cep     ecl-c    ecl-nc       lpv     rrlyr
Actual                                                     
cep        0.904394  0.001594  0.000531  0.007497  0.005282
ecl-c      0.279957  0.582799  0.157005  0.179888  0.048826
ecl-nc     0.071168  0.121816  0.632520  0.216932  0.023292
lpv        0.015220  0.049095  0.048158  0.892977  0.008701
rrlyr      0.098821  0.077627  0.028688  0.054892  0.786724
Predicted       cep  ecl-c  ecl-nc    lpv  rrlyr     All
Survey Actual                                           
ASASSN cep      827     34      15    200     21    1097
       ecl-c   1300    727     421   4997    555    8000
       ecl-nc   332    309    1233   5795    331    8000
       lpv       65    312     200   7256     49    7882
       rrlyr    410    241      77   1442    149    2319
ATLAS  cep       98      0       0      0     50     148
       ecl-c      0   6585     998    379     37    7999
       ecl-nc     0   1187    6001    800     11    7999
       lpv        0    594     952   6431     22    7999
       rrlyr     22      2       2      3   7970    7999
OGLE   cep     3291     12       0     34     39    3376
       ecl-c      6   5938    1651    113    292    8000
       ecl-nc     0    603    7127    142    128    8000
       lpv        5     47     161   7730     57    8000
       rrlyr     28   1097     487    153   6235    8000
VVV    cep        3      5       2      5     29      44
       ecl-c      0   5399    1954    246    401    8000
       ecl-nc     0   1799    5879    179    143    8000
       lpv        1    618     228   7052    101    8000
       rrlyr      1   1144     352    152   6351    8000
All            6389  26653   27740  43109  22971  126862
******************************
