Predicted   cep  ecl-c  ecl-nc    lpv  rrlyr     All
Actual                                              
cep        4559     33      18    707    247    5564
ecl-c       889  17773    4598   7418   1321   31999
ecl-nc      322   3493   19409   7988    787   31999
lpv          81   1080    1075  27772    247   30255
rrlyr       331   1751     829   2187  21220   26318
All        6182  24130   25929  46072  23822  126135
Predicted       cep     ecl-c    ecl-nc       lpv     rrlyr
Actual                                                     
cep        0.819375  0.001031  0.000563  0.023368  0.009385
ecl-c      0.159777  0.555424  0.143692  0.245183  0.050194
ecl-nc     0.057872  0.109160  0.606550  0.264022  0.029903
lpv        0.014558  0.033751  0.033595  0.917931  0.009385
rrlyr      0.059490  0.054720  0.025907  0.072286  0.806292
Predicted       cep  ecl-c  ecl-nc    lpv  rrlyr     All
Survey Actual                                           
ASASSN cep      264      7       7    687    132    1097
       ecl-c    838     87     121   6551    403    8000
       ecl-nc   285    137     457   6703    418    8000
       lpv       39     35      56   6076     50    6256
       rrlyr    221     42      34   1881    141    2319
ATLAS  cep      116      0       0      0     32     148
       ecl-c      4   6566     901    507     21    7999
       ecl-nc     0   1116    5853   1009     21    7999
       lpv        8    428     603   6933     27    7999
       rrlyr     34      0       0      4   7961    7999
OGLE   cep     3327      8       3     11     27    3376
       ecl-c     17   5876    1508    105    494    8000
       ecl-nc    18    497    7157    132    196    8000
       lpv       18     19      83   7826     54    8000
       rrlyr     28    688     409    163   6712    8000
VVV    cep      852     18       8      9     56     943
       ecl-c     30   5244    2068    255    403    8000
       ecl-nc    19   1743    5942    144    152    8000
       lpv       16    598     333   6937    116    8000
       rrlyr     48   1021     386    139   6406    8000
All            6182  24130   25929  46072  23822  126135
******************************
Predicted   cep  ecl-c  ecl-nc    lpv  rrlyr     All
Actual                                              
cep        4490    235      24    313    502    5564
ecl-c      1314  19444    4558   4950   1733   31999
ecl-nc      183   4100   19811   7309    596   31999
lpv          67   1289    1199  27480    220   30255
rrlyr       508   2414     903   1261  21232   26318
All        6562  27482   26495  41313  24283  126135
Predicted       cep     ecl-c    ecl-nc       lpv     rrlyr
Actual                                                     
cep        0.806973  0.007344  0.000750  0.010345  0.019074
ecl-c      0.236161  0.607644  0.142442  0.163609  0.065848
ecl-nc     0.032890  0.128129  0.619113  0.241580  0.022646
lpv        0.012042  0.040283  0.037470  0.908280  0.008359
rrlyr      0.091301  0.075440  0.028220  0.041679  0.806748
Predicted       cep  ecl-c  ecl-nc    lpv  rrlyr     All
Survey Actual                                           
ASASSN cep      212    210      12    296    367    1097
       ecl-c   1269   1106     392   4204   1029    8000
       ecl-nc   139    372    1145   6056    288    8000
       lpv       34    217      98   5854     53    6256
       rrlyr    396    376      93   1092    362    2319
ATLAS  cep      105      0       0      0     43     148
       ecl-c      4   6639     871    453     32    7999
       ecl-nc     1   1102    5948    929     19    7999
       lpv        4    427     711   6826     31    7999
       rrlyr     15      3       1     11   7969    7999
OGLE   cep     3324      6       4      9     33    3376
       ecl-c     18   6369    1254     57    302    8000
       ecl-nc    20    868    6842    148    122    8000
       lpv       13     44     120   7769     54    8000
       rrlyr     32   1063     353     45   6507    8000
VVV    cep      849     19       8      8     59     943
       ecl-c     23   5330    2041    236    370    8000
       ecl-nc    23   1758    5876    176    167    8000
       lpv       16    601     270   7031     82    8000
       rrlyr     65    972     456    113   6394    8000
All            6562  27482   26495  41313  24283  126135
******************************
Predicted   cep  ecl-c  ecl-nc    lpv  rrlyr     All
Actual                                              
cep        4587     46      24    546    361    5564
ecl-c      1152  18360    4472   5965   2050   31999
ecl-nc      259   3355   20179   7277    929   31999
lpv          58   1169     869  27920    239   30255
rrlyr       444   1883     725   1614  21652   26318
All        6500  24813   26269  43322  25231  126135
Predicted       cep     ecl-c    ecl-nc       lpv     rrlyr
Actual                                                     
cep        0.824407  0.001438  0.000750  0.018047  0.013717
ecl-c      0.207045  0.573768  0.139754  0.197157  0.077893
ecl-nc     0.046549  0.104847  0.630613  0.240522  0.035299
lpv        0.010424  0.036532  0.027157  0.922823  0.009081
rrlyr      0.079799  0.058846  0.022657  0.053347  0.822707
Predicted       cep  ecl-c  ecl-nc    lpv  rrlyr     All
Survey Actual                                           
ASASSN cep      272     25      14    531    255    1097
       ecl-c   1106    521     348   4986   1039    8000
       ecl-nc   218    255    1079   5919    529    8000
       lpv       30    149      84   5935     58    6256
       rrlyr    336    210      83   1381    309    2319
ATLAS  cep      121      0       0      0     27     148
       ecl-c      2   6606     803    547     41    7999
       ecl-nc     2    923    6068    973     33    7999
       lpv        3    476     517   6952     51    7999
       rrlyr     24      0       1      2   7972    7999
OGLE   cep     3336      5       2      8     25    3376
       ecl-c     12   6113    1380    127    368    8000
       ecl-nc    21    637    6998    172    172    8000
       lpv        7     41      84   7814     54    8000
       rrlyr     24    752     336    100   6788    8000
VVV    cep      858     16       8      7     54     943
       ecl-c     32   5120    1941    305    602    8000
       ecl-nc    18   1540    6034    213    195    8000
       lpv       18    503     184   7219     76    8000
       rrlyr     60    921     305    131   6583    8000
All            6500  24813   26269  43322  25231  126135
******************************
Predicted   cep  ecl-c  ecl-nc    lpv  rrlyr     All
Actual                                              
cep        4621     39      18    386    500    5564
ecl-c      1215  17520    5074   6751   1439   31999
ecl-nc      208   2609   20397   8354    431   31999
lpv          97    747     944  28291    176   30255
rrlyr       461   2079     789   1808  21181   26318
All        6602  22994   27222  45590  23727  126135
Predicted       cep     ecl-c    ecl-nc       lpv     rrlyr
Actual                                                     
cep        0.830518  0.001219  0.000563  0.012758  0.018998
ecl-c      0.218368  0.547517  0.158567  0.223137  0.054677
ecl-nc     0.037383  0.081534  0.637426  0.276120  0.016377
lpv        0.017434  0.023344  0.029501  0.935085  0.006687
rrlyr      0.082854  0.064971  0.024657  0.059759  0.804810
Predicted       cep  ecl-c  ecl-nc    lpv  rrlyr     All
Survey Actual                                           
ASASSN cep      313     25       7    366    386    1097
       ecl-c   1136    151     154   5684    875    8000
       ecl-nc   161    165     415   7006    253    8000
       lpv       47     44      28   6079     58    6256
       rrlyr    358     75      29   1519    338    2319
ATLAS  cep      110      0       0      0     38     148
       ecl-c      4   6249    1156    576     14    7999
       ecl-nc     0    667    6351    975      6    7999
       lpv        7    300     579   7085     28    7999
       rrlyr     14      2       0      6   7977    7999
OGLE   cep     3315      6       5     12     38    3376
       ecl-c     21   6197    1409    114    259    8000
       ecl-nc    21    594    7119    171     95    8000
       lpv       11     23      84   7851     31    8000
       rrlyr     41   1017     335    126   6481    8000
VVV    cep      883      8       6      8     38     943
       ecl-c     54   4923    2355    377    291    8000
       ecl-nc    26   1183    6512    202     77    8000
       lpv       32    380     253   7276     59    8000
       rrlyr     48    985     425    157   6385    8000
All            6602  22994   27222  45590  23727  126135
******************************
Predicted   cep  ecl-c  ecl-nc    lpv  rrlyr     All
Actual                                              
cep        4439     75      17    349    684    5564
ecl-c       556  18890    4204   6466   1883   31999
ecl-nc      106   3911   19590   7732    660   31999
lpv          51   1193     934  27858    219   30255
rrlyr       226   2108     655   1794  21535   26318
All        5378  26177   25400  44199  24981  126135
Predicted       cep     ecl-c    ecl-nc       lpv     rrlyr
Actual                                                     
cep        0.797807  0.002344  0.000531  0.011535  0.025990
ecl-c      0.099928  0.590331  0.131379  0.213717  0.071548
ecl-nc     0.019051  0.122223  0.612207  0.255561  0.025078
lpv        0.009166  0.037282  0.029188  0.920773  0.008321
rrlyr      0.040618  0.065877  0.020469  0.059296  0.818261
Predicted       cep  ecl-c  ecl-nc    lpv  rrlyr     All
Survey Actual                                           
ASASSN cep      182     52       9    329    525    1097
       ecl-c    527    512     249   5665   1047    8000
       ecl-nc    87    309     808   6494    302    8000
       lpv       30    132      66   5964     64    6256
       rrlyr    177    201      61   1557    323    2319
ATLAS  cep      111      0       0      0     37     148
       ecl-c      1   6853     685    431     29    7999
       ecl-nc     0   1103    5969    911     16    7999
       lpv        8    456     580   6928     27    7999
       rrlyr     22      0       0      1   7976    7999
OGLE   cep     3290      7       1     13     65    3376
       ecl-c     14   6322    1179     94    391    8000
       ecl-nc    10    932    6669    166    223    8000
       lpv        6     31      67   7843     53    8000
       rrlyr     10    975     256     87   6672    8000
VVV    cep      856     16       7      7     57     943
       ecl-c     14   5203    2091    276    416    8000
       ecl-nc     9   1567    6144    161    119    8000
       lpv        7    574     221   7123     75    8000
       rrlyr     17    932     338    149   6564    8000
All            5378  26177   25400  44199  24981  126135
******************************
Predicted   cep  ecl-c  ecl-nc    lpv  rrlyr     All
Actual                                              
cep        4640     73      25    425    401    5564
ecl-c      1153  18047    5263   5442   2094   31999
ecl-nc      174   3548   20423   7219    635   31999
lpv          51   1143    1558  27324    179   30255
rrlyr       432   2490    1075   1559  20762   26318
All        6450  25301   28344  41969  24071  126135
Predicted       cep     ecl-c    ecl-nc       lpv     rrlyr
Actual                                                     
cep        0.833932  0.002281  0.000781  0.014047  0.015237
ecl-c      0.207225  0.563986  0.164474  0.179871  0.079565
ecl-nc     0.031272  0.110878  0.638239  0.238605  0.024128
lpv        0.009166  0.035720  0.048689  0.903123  0.006801
rrlyr      0.077642  0.077815  0.033595  0.051529  0.788890
Predicted       cep  ecl-c  ecl-nc    lpv  rrlyr     All
Survey Actual                                           
ASASSN cep      357     48      14    404    274    1097
       ecl-c   1122    850     456   4410   1162    8000
       ecl-nc   143    322    1239   5955    341    8000
       lpv       30    174     151   5854     47    6256
       rrlyr    346    313      92   1215    353    2319
ATLAS  cep      116      0       0      0     32     148
       ecl-c      0   6477    1015    466     41    7999
       ecl-nc     2    998    6114    857     28    7999
       lpv        2    406    1003   6553     35    7999
       rrlyr     30      0       1      5   7963    7999
OGLE   cep     3320      6       2     15     33    3376
       ecl-c     10   6009    1563     86    332    8000
       ecl-nc    11    654    7095    109    131    8000
       lpv        9     28     106   7825     32    8000
       rrlyr     15   1213     443    130   6199    8000
VVV    cep      847     19       9      6     62     943
       ecl-c     21   4711    2229    480    559    8000
       ecl-nc    18   1574    5975    298    135    8000
       lpv       10    535     298   7092     65    8000
       rrlyr     41    964     539    209   6247    8000
All            6450  25301   28344  41969  24071  126135
******************************
Predicted   cep  ecl-c  ecl-nc    lpv  rrlyr     All
Actual                                              
cep        4378     65      22    584    515    5564
ecl-c       797  17696    5505   6504   1497   31999
ecl-nc      142   3708   20449   7252    448   31999
lpv          99   1385    1593  26843    335   30255
rrlyr       384   2605     897   1813  20619   26318
All        5800  25459   28466  42996  23414  126135
Predicted       cep     ecl-c    ecl-nc       lpv     rrlyr
Actual                                                     
cep        0.786844  0.002031  0.000688  0.019303  0.019568
ecl-c      0.143242  0.553017  0.172037  0.214973  0.056881
ecl-nc     0.025521  0.115879  0.639051  0.239696  0.017023
lpv        0.017793  0.043283  0.049783  0.887225  0.012729
rrlyr      0.069015  0.081409  0.028032  0.059924  0.783456
Predicted       cep  ecl-c  ecl-nc    lpv  rrlyr     All
Survey Actual                                           
ASASSN cep      138     39       9    548    363    1097
       ecl-c    738    532     423   5563    744    8000
       ecl-nc    93    332    1294   6097    184    8000
       lpv       30    168     138   5873     47    6256
       rrlyr    262    198      98   1527    234    2319
ATLAS  cep       92      0       0      0     56     148
       ecl-c      2   6264    1314    404     15    7999
       ecl-nc     0   1032    6203    758      6    7999
       lpv        5    561    1048   6357     28    7999
       rrlyr     26      4       0      2   7967    7999
OGLE   cep     3299      8       5     25     39    3376
       ecl-c     23   5654    1716    200    407    8000
       ecl-nc    30    565    7106    172    127    8000
       lpv       51     37     182   7557    173    8000
       rrlyr     48   1213     464    162   6113    8000
VVV    cep      849     18       8     11     57     943
       ecl-c     34   5246    2052    337    331    8000
       ecl-nc    19   1779    5846    225    131    8000
       lpv       13    619     225   7056     87    8000
       rrlyr     48   1190     335    122   6305    8000
All            5800  25459   28466  42996  23414  126135
******************************
Predicted   cep  ecl-c  ecl-nc    lpv  rrlyr     All
Actual                                              
cep        4542     88      25    499    410    5564
ecl-c      1089  17760    4991   6072   2087   31999
ecl-nc      348   4457   18464   7760    970   31999
lpv          89   1159    1435  27346    226   30255
rrlyr       423   2306    1019   1721  20849   26318
All        6491  25770   25934  43398  24542  126135
Predicted       cep     ecl-c    ecl-nc       lpv     rrlyr
Actual                                                     
cep        0.816319  0.002750  0.000781  0.016493  0.015579
ecl-c      0.195723  0.555017  0.155974  0.200694  0.079299
ecl-nc     0.062545  0.139286  0.577018  0.256487  0.036857
lpv        0.015996  0.036220  0.044845  0.903851  0.008587
rrlyr      0.076024  0.072065  0.031845  0.056883  0.792195
Predicted       cep  ecl-c  ecl-nc    lpv  rrlyr     All
Survey Actual                                           
ASASSN cep      284     63      10    477    263    1097
       ecl-c   1046    885     241   4714   1114    8000
       ecl-nc   296    590     658   5965    491    8000
       lpv       36    238     130   5778     74    6256
       rrlyr    282    274      66   1370    327    2319
ATLAS  cep       96      0       0      0     52     148
       ecl-c      1   6519     906    547     26    7999
       ecl-nc     1   1473    5336   1156     33    7999
       lpv        8    393     954   6605     39    7999
       rrlyr     15      3       0      0   7981    7999
OGLE   cep     3316      7       6     11     36    3376
       ecl-c     17   5956    1582    114    331    8000
       ecl-nc    32    768    6830    229    141    8000
       lpv       22     28     141   7771     38    8000
       rrlyr     34   1179     463    126   6198    8000
VVV    cep      846     18       9     11     59     943
       ecl-c     25   4400    2262    697    616    8000
       ecl-nc    19   1626    5640    410    305    8000
       lpv       23    500     210   7192     75    8000
       rrlyr     92    850     490    225   6343    8000
All            6491  25770   25934  43398  24542  126135
******************************
Predicted   cep  ecl-c  ecl-nc    lpv  rrlyr     All
Actual                                              
cep        4580     48      36    669    231    5564
ecl-c       858  17518    5842   6338   1443   31999
ecl-nc      291   2849   21066   7165    628   31999
lpv          55   1071    1244  27701    184   30255
rrlyr       336   2100    1073   1829  20980   26318
All        6120  23586   29261  43702  23466  126135
Predicted       cep     ecl-c    ecl-nc       lpv     rrlyr
Actual                                                     
cep        0.823149  0.001500  0.001125  0.022112  0.008777
ecl-c      0.154206  0.547455  0.182568  0.209486  0.054829
ecl-nc     0.052301  0.089034  0.658333  0.236820  0.023862
lpv        0.009885  0.033470  0.038876  0.915584  0.006991
rrlyr      0.060388  0.065627  0.033532  0.060453  0.797173
Predicted       cep  ecl-c  ecl-nc    lpv  rrlyr     All
Survey Actual                                           
ASASSN cep      285     29      22    647    114    1097
       ecl-c    842    686     453   5292    727    8000
       ecl-nc   276    309    1197   5840    378    8000
       lpv       34    150     110   5918     44    6256
       rrlyr    240    262     104   1495    218    2319
ATLAS  cep      117      0       0      0     31     148
       ecl-c      0   6177    1206    596     20    7999
       ecl-nc     0    802    6213    978      6    7999
       lpv        7    392     698   6873     29    7999
       rrlyr     35      0       0      2   7962    7999
OGLE   cep     3325      5       3     10     33    3376
       ecl-c      4   5751    1780    119    346    8000
       ecl-nc    10    406    7310    146    128    8000
       lpv        9     20      77   7866     28    8000
       rrlyr     25    815     512    153   6495    8000
VVV    cep      853     14      11     12     53     943
       ecl-c     12   4904    2403    331    350    8000
       ecl-nc     5   1332    6346    201    116    8000
       lpv        5    509     359   7044     83    8000
       rrlyr     36   1023     457    179   6305    8000
All            6120  23586   29261  43702  23466  126135
******************************
Predicted   cep  ecl-c  ecl-nc    lpv  rrlyr     All
Actual                                              
cep        4656     79      25    601    203    5564
ecl-c      1271  19114    4324   5707   1583   31999
ecl-nc      643   4031   19595   6954    776   31999
lpv          83   1275     929  27744    224   30255
rrlyr       420   2261     802   1710  21125   26318
All        7073  26760   25675  42716  23911  126135
Predicted       cep     ecl-c    ecl-nc       lpv     rrlyr
Actual                                                     
cep        0.836808  0.002469  0.000781  0.019864  0.007713
ecl-c      0.228433  0.597331  0.135129  0.188630  0.060149
ecl-nc     0.115564  0.125973  0.612363  0.229846  0.029486
lpv        0.014917  0.039845  0.029032  0.917005  0.008511
rrlyr      0.075485  0.070658  0.025063  0.056520  0.802683
Predicted       cep  ecl-c  ecl-nc    lpv  rrlyr     All
Survey Actual                                           
ASASSN cep      342     60      16    580     99    1097
       ecl-c   1220    777     272   4706   1025    8000
       ecl-nc   620    396     937   5510    537    8000
       lpv       61    190      85   5857     63    6256
       rrlyr    306    247      67   1409    290    2319
ATLAS  cep      118      0       0      0     30     148
       ecl-c      2   6796     673    498     30    7999
       ecl-nc     0   1204    5785    991     19    7999
       lpv        4    536     586   6825     48    7999
       rrlyr     32      0       1      3   7963    7999
OGLE   cep     3331      5       1      9     30    3376
       ecl-c     18   6141    1453    153    235    8000
       ecl-nc    11    686    6996    189    118    8000
       lpv        9     27      74   7827     63    8000
       rrlyr     42    955     361    136   6506    8000
VVV    cep      865     14       8     12     44     943
       ecl-c     31   5400    1926    350    293    8000
       ecl-nc    12   1745    5877    264    102    8000
       lpv        9    522     184   7235     50    8000
       rrlyr     40   1059     373    162   6366    8000
All            7073  26760   25675  42716  23911  126135
******************************
Predicted   cep  ecl-c  ecl-nc    lpv  rrlyr     All
Actual                                              
cep        4610     67      48    518    321    5564
ecl-c       926  17239    5466   6799   1569   31999
ecl-nc      287   3836   19429   7752    695   31999
lpv          71   1184    1476  26565    231   29527
rrlyr       347   2688    1173   2074  20036   26318
All        6241  25014   27592  43708  22852  125407
Predicted       cep     ecl-c    ecl-nc       lpv     rrlyr
Actual                                                     
cep        0.828541  0.002094  0.001500  0.017543  0.012197
ecl-c      0.166427  0.538736  0.170818  0.230264  0.059617
ecl-nc     0.051582  0.119879  0.607175  0.262539  0.026408
lpv        0.012761  0.037001  0.046126  0.899685  0.008777
rrlyr      0.062365  0.084003  0.036657  0.070241  0.761304
Predicted       cep  ecl-c  ecl-nc    lpv  rrlyr     All
Survey Actual                                           
ASASSN cep      358     39      19    496    185    1097
       ecl-c    878    684     192   5437    809    8000
       ecl-nc   252    372     772   6212    392    8000
       lpv       38    173     121   5126     70    5528
       rrlyr    232    246      42   1622    177    2319
ATLAS  cep       94      0       0      0     54     148
       ecl-c      2   6523    1001    448     25    7999
       ecl-nc     1   1350    5745    895      8    7999
       lpv        2    429     985   6549     34    7999
       rrlyr     28      2       0      0   7969    7999
OGLE   cep     3316      9       8     10     33    3376
       ecl-c     11   5631    1870    125    363    8000
       ecl-nc    10    492    7159    221    118    8000
       lpv       25     53     120   7726     76    8000
       rrlyr     60   1422     525    205   5788    8000
VVV    cep      842     19      21     12     49     943
       ecl-c     35   4401    2403    789    372    8000
       ecl-nc    24   1622    5753    424    177    8000
       lpv        6    529     250   7164     51    8000
       rrlyr     27   1018     606    247   6102    8000
All            6241  25014   27592  43708  22852  125407
******************************
Predicted   cep  ecl-c  ecl-nc    lpv  rrlyr     All
Actual                                              
cep        4687     66      26    340    445    5564
ecl-c      1040  18308    5184   6079   1388   31999
ecl-nc      157   3450   20387   7507    498   31999
lpv          49   1115    1383  26801    179   29527
rrlyr       448   2291    1038   1632  20909   26318
All        6381  25230   28018  42359  23419  125407
Predicted       cep     ecl-c    ecl-nc       lpv     rrlyr
Actual                                                     
cep        0.842380  0.002063  0.000813  0.011515  0.016909
ecl-c      0.186916  0.572143  0.162005  0.205879  0.052740
ecl-nc     0.028217  0.107816  0.637114  0.254242  0.018922
lpv        0.008807  0.034845  0.043220  0.907678  0.006801
rrlyr      0.080518  0.071596  0.032439  0.055271  0.794475
Predicted       cep  ecl-c  ecl-nc    lpv  rrlyr     All
Survey Actual                                           
ASASSN cep      410     36      14    323    314    1097
       ecl-c   1007    750     313   5302    628    8000
       ecl-nc   131    214    1034   6421    200    8000
       lpv       34    155     105   5185     49    5528
       rrlyr    339    248      70   1430    232    2319
ATLAS  cep      108      0       0      1     39     148
       ecl-c      0   6668     916    377     38    7999
       ecl-nc     2   1073    6171    736     17    7999
       lpv        1    437     921   6624     16    7999
       rrlyr     44      1       7      0   7947    7999
OGLE   cep     3320      9       1      9     37    3376
       ecl-c      9   6051    1477     92    371    8000
       ecl-nc     8    681    6984    158    169    8000
       lpv        6     25      74   7857     38    8000
       rrlyr     28   1032     370     88   6482    8000
VVV    cep      849     21      11      7     55     943
       ecl-c     24   4839    2478    308    351    8000
       ecl-nc    16   1482    6198    192    112    8000
       lpv        8    498     283   7135     76    8000
       rrlyr     37   1010     591    114   6248    8000
All            6381  25230   28018  42359  23419  125407
******************************
Predicted   cep  ecl-c  ecl-nc    lpv  rrlyr     All
Actual                                              
cep        4512     60      23    572    397    5564
ecl-c      1070  18757    4585   5534   2053   31999
ecl-nc      202   3910   20088   7072    727   31999
lpv          65   1456    1299  26333    374   29527
rrlyr       394   2374     705   1663  21182   26318
All        6243  26557   26700  41174  24733  125407
Predicted       cep     ecl-c    ecl-nc       lpv     rrlyr
Actual                                                     
cep        0.810927  0.001875  0.000719  0.019372  0.015085
ecl-c      0.192308  0.586175  0.143286  0.187422  0.078007
ecl-nc     0.036305  0.122191  0.627770  0.239510  0.027624
lpv        0.011682  0.045501  0.040595  0.891828  0.014211
rrlyr      0.070812  0.074190  0.022032  0.056321  0.804848
Predicted       cep  ecl-c  ecl-nc    lpv  rrlyr     All
Survey Actual                                           
ASASSN cep      251     42      13    545    246    1097
       ecl-c   1012    828     377   4682   1101    8000
       ecl-nc   163    327    1115   6012    383    8000
       lpv       37    194     105   5133     59    5528
       rrlyr    283    270      73   1404    289    2319
ATLAS  cep       81      0       0      0     67     148
       ecl-c      1   6742     786    418     52    7999
       ecl-nc     1   1239    5997    727     35    7999
       lpv        3    652     841   6455     48    7999
       rrlyr      9      3       0      0   7987    7999
OGLE   cep     3313      6       3     17     37    3376
       ecl-c     27   5963    1431    110    469    8000
       ecl-nc    18    647    7030    132    173    8000
       lpv       16     98     139   7570    177    8000
       rrlyr     27   1109     351    139   6374    8000
VVV    cep      867     12       7     10     47     943
       ecl-c     30   5224    1991    324    431    8000
       ecl-nc    20   1697    5946    201    136    8000
       lpv        9    512     214   7175     90    8000
       rrlyr     75    992     281    120   6532    8000
All            6243  26557   26700  41174  24733  125407
******************************
Predicted   cep  ecl-c  ecl-nc    lpv  rrlyr     All
Actual                                              
cep        4579     59      29    559    338    5564
ecl-c       736  17540    5457   7056   1210   31999
ecl-nc      201   3133   20623   7485    557   31999
lpv          46   1152    1453  26674    202   29527
rrlyr       347   2053     957   2013  20948   26318
All        5909  23937   28519  43787  23255  125407
Predicted       cep     ecl-c    ecl-nc       lpv     rrlyr
Actual                                                     
cep        0.822969  0.001844  0.000906  0.018932  0.012843
ecl-c      0.132279  0.548142  0.170537  0.238968  0.045976
ecl-nc     0.036125  0.097909  0.644489  0.253497  0.021164
lpv        0.008267  0.036001  0.045408  0.903377  0.007675
rrlyr      0.062365  0.064158  0.029907  0.068175  0.795957
Predicted       cep  ecl-c  ecl-nc    lpv  rrlyr     All
Survey Actual                                           
ASASSN cep      288     32      18    533    226    1097
       ecl-c    695    585     270   6070    380    8000
       ecl-nc   172    290     836   6394    308    8000
       lpv       19    132     111   5216     50    5528
       rrlyr    232    167      70   1699    151    2319
ATLAS  cep      114      0       0      2     32     148
       ecl-c      0   6415    1238    331     15    7999
       ecl-nc     0   1054    6240    691     14    7999
       lpv        4    523     966   6482     24    7999
       rrlyr     33      0       1      1   7964    7999
OGLE   cep     3323      6       2     11     34    3376
       ecl-c     13   5655    1668    145    519    8000
       ecl-nc    11    453    7258    135    143    8000
       lpv       19     45     132   7735     69    8000
       rrlyr     44    836     470    127   6523    8000
VVV    cep      854     21       9     13     46     943
       ecl-c     28   4885    2281    510    296    8000
       ecl-nc    18   1336    6289    265     92    8000
       lpv        4    452     244   7241     59    8000
       rrlyr     38   1050     416    186   6310    8000
All            5909  23937   28519  43787  23255  125407
******************************
Predicted   cep  ecl-c  ecl-nc    lpv  rrlyr     All
Actual                                              
cep        4423     82      28    573    458    5564
ecl-c       620  17646    5490   6476   1767   31999
ecl-nc      137   3606   19721   7924    611   31999
lpv          56   1224    1283  26775    189   29527
rrlyr       289   2592    1273   1846  20318   26318
All        5525  25150   27795  43594  23343  125407
Predicted       cep     ecl-c    ecl-nc       lpv     rrlyr
Actual                                                     
cep        0.794932  0.002563  0.000875  0.019406  0.017403
ecl-c      0.111431  0.551455  0.171568  0.219325  0.067140
ecl-nc     0.024623  0.112691  0.616301  0.268365  0.023216
lpv        0.010065  0.038251  0.040095  0.906797  0.007181
rrlyr      0.051941  0.081003  0.039782  0.062519  0.772019
Predicted       cep  ecl-c  ecl-nc    lpv  rrlyr     All
Survey Actual                                           
ASASSN cep      171     44      14    540    328    1097
       ecl-c    574    754     415   5311    946    8000
       ecl-nc   106    257    1054   6300    283    8000
       lpv       31    129     118   5207     43    5528
       rrlyr    187    241      89   1523    279    2319
ATLAS  cep      110      0       0      3     35     148
       ecl-c      1   6274    1030    660     34    7999
       ecl-nc     0   1095    5692   1194     18    7999
       lpv        2    471     810   6697     19    7999
       rrlyr     54      5       2      6   7932    7999
OGLE   cep     3307      9       1     19     40    3376
       ecl-c     20   5785    1664    139    392    8000
       ecl-nc    12    627    7029    195    137    8000
       lpv       16     24      87   7802     71    8000
       rrlyr     25   1226     545    148   6056    8000
VVV    cep      835     29      13     11     55     943
       ecl-c     25   4833    2381    366    395    8000
       ecl-nc    19   1627    5946    235    173    8000
       lpv        7    600     268   7069     56    8000
       rrlyr     23   1120     637    169   6051    8000
All            5525  25150   27795  43594  23343  125407
******************************
Predicted   cep  ecl-c  ecl-nc    lpv  rrlyr     All
Actual                                              
cep        4560     52      19    721    212    5564
ecl-c       814  17141    5274   7220   1550   31999
ecl-nc      213   3384   19565   8243    594   31999
lpv          62   1005    1075  27168    217   29527
rrlyr       324   2310     871   2259  20554   26318
All        5973  23892   26804  45611  23127  125407
Predicted       cep     ecl-c    ecl-nc       lpv     rrlyr
Actual                                                     
cep        0.819554  0.001625  0.000594  0.024418  0.008055
ecl-c      0.146298  0.535673  0.164818  0.244522  0.058895
ecl-nc     0.038282  0.105753  0.611425  0.279168  0.022570
lpv        0.011143  0.031407  0.033595  0.920107  0.008245
rrlyr      0.058231  0.072190  0.027220  0.076506  0.780986
Predicted       cep  ecl-c  ecl-nc    lpv  rrlyr     All
Survey Actual                                           
ASASSN cep      296     32      11    671     87    1097
       ecl-c    748    403     159   5952    738    8000
       ecl-nc   165    297     472   6786    280    8000
       lpv       22     76      68   5322     40    5528
       rrlyr    206    149      57   1720    187    2319
ATLAS  cep      104      0       0      1     43     148
       ecl-c      1   5985    1340    641     32    7999
       ecl-nc     0    882    6115    989     13    7999
       lpv       13    423     753   6771     39    7999
       rrlyr     27      3       2      8   7959    7999
OGLE   cep     3293      9       2     40     32    3376
       ecl-c     22   5650    1795    207    326    8000
       ecl-nc    20    489    7134    216    141    8000
       lpv       15     18      95   7810     62    8000
       rrlyr     27   1191     530    353   5899    8000
VVV    cep      867     11       6      9     50     943
       ecl-c     43   5103    1980    420    454    8000
       ecl-nc    28   1716    5844    252    160    8000
       lpv       12    488     159   7265     76    8000
       rrlyr     64    967     282    178   6509    8000
All            5973  23892   26804  45611  23127  125407
******************************
Predicted   cep  ecl-c  ecl-nc    lpv  rrlyr     All
Actual                                              
cep        4588     37      25    676    238    5564
ecl-c      1043  17106    5571   7033   1246   31999
ecl-nc      465   2829   20374   7635    696   31999
lpv          72   1126    1328  26829    172   29527
rrlyr       405   2046    1086   2034  20747   26318
All        6573  23144   28384  44207  23099  125407
Predicted       cep     ecl-c    ecl-nc       lpv     rrlyr
Actual                                                     
cep        0.824587  0.001156  0.000781  0.022894  0.009043
ecl-c      0.187455  0.534579  0.174099  0.238189  0.047344
ecl-nc     0.083573  0.088409  0.636707  0.258577  0.026446
lpv        0.012940  0.035189  0.041501  0.908626  0.006535
rrlyr      0.072789  0.063939  0.033939  0.068886  0.788320
Predicted       cep  ecl-c  ecl-nc    lpv  rrlyr     All
Survey Actual                                           
ASASSN cep      288     16      12    654    127    1097
       ecl-c    979    196     190   6093    542    8000
       ecl-nc   416    236     654   6329    365    8000
       lpv       41     77     100   5279     31    5528
       rrlyr    299     82      44   1720    174    2319
ATLAS  cep      112      0       0      3     33     148
       ecl-c      2   6252    1214    507     24    7999
       ecl-nc     0    941    6079    961     18    7999
       lpv        8    489     845   6636     21    7999
       rrlyr     36      0       0      2   7961    7999
OGLE   cep     3327      9       2     12     26    3376
       ecl-c     29   5755    1824    108    284    8000
       ecl-nc    20    341    7375    144    120    8000
       lpv       13     23      96   7827     41    8000
       rrlyr     37    967     624    170   6202    8000
VVV    cep      861     12      11      7     52     943
       ecl-c     33   4903    2343    325    396    8000
       ecl-nc    29   1311    6266    201    193    8000
       lpv       10    537     287   7087     79    8000
       rrlyr     33    997     418    142   6410    8000
All            6573  23144   28384  44207  23099  125407
******************************
Predicted   cep  ecl-c  ecl-nc    lpv  rrlyr     All
Actual                                              
cep        4616     38      20    591    299    5564
ecl-c       613  18523    4276   7473   1114   31999
ecl-nc      100   3633   19643   8078    545   31999
lpv          44   1287    1092  26880    224   29527
rrlyr       265   1824     753   2082  21394   26318
All        5638  25305   25784  45104  23576  125407
Predicted       cep     ecl-c    ecl-nc       lpv     rrlyr
Actual                                                     
cep        0.829619  0.001188  0.000625  0.020016  0.011361
ecl-c      0.110173  0.578862  0.133629  0.253090  0.042328
ecl-nc     0.017973  0.113535  0.613863  0.273580  0.020708
lpv        0.007908  0.040220  0.034126  0.910353  0.008511
rrlyr      0.047628  0.057002  0.023532  0.070512  0.812904
Predicted       cep  ecl-c  ecl-nc    lpv  rrlyr     All
Survey Actual                                           
ASASSN cep      318     18       7    570    184    1097
       ecl-c    572    124      79   6851    374    8000
       ecl-nc    66    132     467   7062    273    8000
       lpv       19     43      22   5367     77    5528
       rrlyr    197     62      18   1880    162    2319
ATLAS  cep      113      0       0      4     31     148
       ecl-c      0   6916     734    320     29    7999
       ecl-nc     0   1186    6071    728     14    7999
       lpv        6    532     730   6709     22    7999
       rrlyr     15      0       0      0   7984    7999
OGLE   cep     3326      3       2      6     39    3376
       ecl-c     12   6075    1521     89    303    8000
       ecl-nc    14    546    7205    115    120    8000
       lpv        7     36      92   7807     58    8000
       rrlyr     30    704     323     95   6848    8000
VVV    cep      859     17      11     11     45     943
       ecl-c     29   5408    1942    213    408    8000
       ecl-nc    20   1769    5900    173    138    8000
       lpv       12    676     248   6997     67    8000
       rrlyr     23   1058     412    107   6400    8000
All            5638  25305   25784  45104  23576  125407
******************************
Predicted   cep  ecl-c  ecl-nc    lpv  rrlyr     All
Actual                                              
cep        4615     93      20    372    464    5564
ecl-c      1175  17791    5515   6100   1418   31999
ecl-nc      205   3251   20490   7588    465   31999
lpv          64    876    1488  26913    186   29527
rrlyr       427   2327    1073   1772  20719   26318
All        6486  24338   28586  42745  23252  125407
Predicted       cep     ecl-c    ecl-nc       lpv     rrlyr
Actual                                                     
cep        0.829439  0.002906  0.000625  0.012599  0.017631
